 0 0 4 0.334401 1.0419 0.00192424 0.990526 1.90188 0.0166346 0.00947402 2.80209 0.202879 1.33312e-12 1.00753 1826 3
 0 0 5 0.408712 1.0034 0.0016649 0.985983 1.77784 0.0173737 0.0140174 2.45521 1.99996e-05 2.72313e-16 0.970942 2103 1
 0 0 6 0.483023 0.984964 0.00156501 0.957063 1.543 0.00935707 0.0351229 2.22065 0.0199954 0.00781396 0.978663 2389 3
 0 0 7 0.557335 0.979896 0.00149376 0.929579 1.42354 0.00706619 0.0510161 2.08367 0.013608 0.0194049 0.947338 2238 3
 0 0 8 0.631646 0.97413 0.00142561 0.903608 1.32656 0.00624712 0.0690102 1.92778 0.0105991 0.027382 0.981659 2276 3
 0 0 9 0.705957 0.977476 0.00136813 0.891132 1.2735 0.00611253 0.0684001 1.84151 0.00950932 0.0404674 0.999176 2288 3
 0 0 10 0.780268 0.972398 0.00141626 0.859162 1.1986 0.0055861 0.0833626 1.70671 0.00645123 0.0574754 0.969401 1996 3
 0 0 11 0.85458 0.97726 0.00148207 0.84633 1.16125 0.00659892 0.0772926 1.62768 0.00538248 0.0763771 0.97686 1862 3
 0 0 12 0.928891 0.975387 0.00182834 0.791095 1.10932 0.00601482 0.127155 1.54348 0.00648623 0.0817495 0.933681 1666 3
 0 0 13 1.0032 0.97663 0.00240257 0.797417 1.08881 0.00943136 0.104394 1.47639 0.00575033 0.0981889 0.969116 1438 3
 0 0 14 1.07751 0.976802 0.00312986 0.745783 1.07305 0.00869522 0.139658 1.40423 0.00460843 0.114559 0.940515 1350 3
 0 0 15 1.15182 0.970766 0.00334408 0.629769 1.03996 0 0.24579 1.35371 0.00466284 0.124441 0.908162 1163 3
 0 0 16 1.22614 0.971148 0.00634838 0.605547 1.02584 0 0.245699 1.29766 0.00478671 0.148754 0.927914 1016 3

 0 1 4 0.311294 1.05434 0.00209312 0.993163 2.07839 0 0.00683747 3.28536 0.212431 1.42717e-13 1.05888 1739 3
 0 1 5 0.380471 1.0132 0.000280171 0.980972 1.81105 0 0.0190275 2.57678 0.345038 1.35859e-12 0.992453 2185 2
 0 1 6 0.449648 0.98969 0.00160973 0.962918 1.61825 0 0.0319447 2.29758 0.00615268 0.00513701 0.97116 2311 3
 0 1 7 0.518824 0.981885 0.00153875 0.938681 1.47618 0 0.0496731 2.17041 0.0183997 0.0116463 0.956546 2197 3
 0 1 8 0.588001 0.974481 0.00140949 0.903171 1.36964 0 0.0672508 2.02343 0.0100909 0.0295785 0.945234 2299 3
 0 1 9 0.657177 0.975156 0.00142692 0.870766 1.28852 0 0.0792421 1.90101 0.00697068 0.049992 0.967297 2148 3
 0 1 10 0.726354 0.972699 0.00140941 0.8479 1.22611 0 0.0955584 1.79029 0.00660939 0.0565411 0.975331 2063 3
 0 1 11 0.79553 0.974453 0.00145154 0.822314 1.17622 0 0.090111 1.69684 0.00491814 0.0875753 0.970294 1851 3
 0 1 12 0.864707 0.978834 0.00155675 0.79092 1.13667 0 0.117246 1.61175 0.00527366 0.0918342 0.991657 1763 3
 0 1 13 0.933883 0.972047 0.00187014 0.743143 1.10504 0 0.142607 1.53129 0.00446063 0.114251 0.946489 1492 3
 0 1 14 1.00306 0.970145 0.00212733 0.69493 1.07957 0 0.19059 1.46725 0.00502619 0.11448 0.905636 1345 3
 0 1 15 1.07224 0.98243 0.00307457 0.71573 1.05895 0 0.135316 1.4137 0.00423248 0.148955 1.00408 1265 3
 0 1 16 1.14141 0.965876 0.00319114 0.625922 1.0422 0 0.238694 1.36076 0.00426421 0.135384 0.874422 1054 3

 0 2 4 0.291304 1.07482 0.00216739 0.998991 2.17457 0 0.0010092 3.25039 0.298777 2.06283e-07 1.05261 1711 3
 0 2 5 0.356038 1.02406 0.000134199 0.98037 1.89536 0 0.0196304 2.69171 0.366811 2.46983e-14 0.982633 2195 2
 0 2 6 0.420772 0.996081 0.000107528 0.976563 1.69144 0 0.0234371 2.40663 0.272939 1.15133e-11 0.979126 2300 2
 0 2 7 0.485506 0.985717 0.00157177 0.933262 1.53938 0 0.0520268 2.21088 0.0175664 0.0147111 0.965553 2135 3
 0 2 8 0.55024 0.975024 0.00141658 0.909672 1.42409 0 0.0543581 2.08924 0.0119967 0.0359702 0.984816 2357 3
 0 2 9 0.614975 0.973654 0.00137301 0.869724 1.33542 0 0.0746826 1.97147 0.00716793 0.0555932 0.975839 2344 3
 0 2 10 0.679709 0.969215 0.00137155 0.856518 1.26637 0 0.0825099 1.87467 0.00586397 0.0609718 0.950205 2082 3
 0 2 11 0.744443 0.972626 0.00145871 0.833513 1.2119 0 0.0877879 1.7564 0.00562774 0.078699 0.989484 1878 3
 0 2 12 0.809177 0.972094 0.00159747 0.778153 1.16769 0 0.112194 1.68947 0.00468826 0.109653 0.982285 1720 3
 0 2 13 0.873911 0.97154 0.00173158 0.770561 1.13205 0 0.114148 1.59932 0.00421667 0.115291 0.981412 1571 3
 0 2 14 0.938645 0.971468 0.00205408 0.727471 1.1031 0 0.132043 1.53285 0.00436997 0.140486 1.00039 1348 3
 0 2 15 1.00338 0.966616 0.00214244 0.714603 1.07946 0 0.158509 1.46203 0.00465057 0.126888 0.931443 1187 3
 0 2 16 1.06811 0.970742 0.00279722 0.691959 1.06006 0 0.178912 1.4113 0.00430734 0.129129 0.931407 1094 3

 0 3 4 0.274228 1.09204 0.00213681 0.999439 2.26515 0 0.000560939 3.36113 0.298777 9.45821e-08 1.10006 1790 3
 0 3 5 0.335168 1.03723 0.00167945 0.984905 1.97568 0 0.0150953 2.7981 0.219459 7.67551e-13 1.00557 2297 3
 0 3 6 0.396108 1.00348 4.4868e-05 0.971979 1.76198 0 0.0280206 2.50806 0.32004 9.54683e-14 0.976279 2348 2
 0 3 7 0.457047 0.988132 0.00153499 0.945753 1.60095 0 0.0433022 2.27117 0.0116532 0.0109444 0.953681 2249 3
 0 3 8 0.517987 0.980293 0.00149986 0.912103 1.47766 0 0.0583367 2.15961 0.0135808 0.0295603 0.990788 2292 3
 0 3 9 0.578927 0.974721 0.0014373 0.870911 1.38199 0 0.0723391 2.02224 0.00728488 0.0567498 1.00284 2317 3
 0 3 10 0.639866 0.967007 0.0015424 0.84121 1.30686 0 0.0846802 1.93878 0.00559737 0.0741099 1.02673 2035 3
 0 3 11 0.700806 0.970287 0.00152408 0.829199 1.24722 0 0.0881278 1.84394 0.00562619 0.0826727 1.01433 1908 3
 0 3 12 0.761746 0.968192 0.00155029 0.777093 1.19911 0 0.101862 1.75036 0.00423557 0.121045 0.987203 1805 3
 0 3 13 0.822685 0.97048 0.00181284 0.779215 1.15961 0 0.105527 1.64982 0.00491377 0.115258 1.03639 1644 3
 0 3 14 0.883625 0.96814 0.00180638 0.737341 1.12732 0 0.113129 1.58903 0.00403953 0.14953 0.961354 1431 3
 0 3 15 0.944565 0.970952 0.00218141 0.749043 1.10074 0 0.116972 1.52255 0.00456776 0.133984 1.00958 1259 3
 0 3 16 1.0055 0.96575 0.00245796 0.679118 1.07876 0 0.158316 1.46023 0.00381124 0.162566 0.899009 1053 3

 0 4 4 0.259898 1.11297 0.00221457 1 2.3479 0 5.62586e-12 3.46042 0.0141304 1.33491e-16 1.07806 1761 1
 0 4 5 0.317653 1.0481 0.0016776 0.98908 2.04981 0 0.0109195 2.89374 0.343526 4.02015e-12 0.978159 2217 3
 0 4 6 0.375408 1.01126 0.00010979 0.97424 1.82772 0 0.0257601 2.59981 0.320552 3.65295e-13 0.981241 2428 2
 0 4 7 0.433163 0.99047 0.00163842 0.949395 1.65887 0 0.0380432 2.35862 0.00633561 0.012562 0.982048 2204 3
 0 4 8 0.490918 0.978806 0.00153604 0.906092 1.5285 0 0.051499 2.18015 0.0107631 0.0424086 0.976176 2347 3
 0 4 9 0.548673 0.976452 0.00149386 0.879836 1.42653 0 0.0609704 2.08669 0.00718425 0.0591936 0.985991 2243 3
 0 4 10 0.606428 0.968957 0.00156221 0.850521 1.34588 0 0.0839459 1.99676 0.00641759 0.0655328 1.02827 2115 3
 0 4 11 0.664183 0.970605 0.00154216 0.811514 1.28143 0 0.0941754 1.90169 0.0052211 0.0943107 0.997762 1910 3
 0 4 12 0.721938 0.965899 0.00165164 0.773726 1.22972 0 0.110418 1.79066 0.00451911 0.115856 1.01932 1842 3
 0 4 13 0.779693 0.968834 0.00175813 0.769349 1.18663 0 0.0975349 1.70684 0.00424254 0.133116 1.02485 1563 3
 0 4 14 0.837449 0.968167 0.00178197 0.744679 1.15119 0 0.127333 1.63637 0.00412194 0.127988 0.964037 1400 3
 0 4 15 0.895204 0.971281 0.00217323 0.720525 1.12186 0 0.118383 1.57746 0.00384015 0.161092 1.01396 1271 3
 0 4 16 0.952959 0.965898 0.00211945 0.723359 1.09746 0 0.139192 1.50922 0.00411358 0.13745 0.901881 1112 3

 0 5 4 0.248168 1.12901 0.00218498 1 2.42072 0 1.61827e-14 3.54647 0.0141304 4.97672e-20 1.07182 1826 1
 0 5 5 0.303317 1.06168 0.00182378 0.993134 2.11558 0 0.00686634 2.97702 0.393514 9.82178e-14 1.0164 2260 1
 0 5 6 0.358465 1.02197 0.000166584 0.980581 1.88653 0 0.0194193 2.6799 0.232625 1.27983e-13 0.992722 2299 2
 0 5 7 0.413614 0.996709 0.0016549 0.960426 1.7111 0 0.0340139 2.43524 0.00483674 0.00555997 0.974482 2271 3
 0 5 8 0.468762 0.986322 0.00160078 0.921679 1.57468 0 0.043414 2.25834 0.0103577 0.0349072 1.01518 2326 3
 0 5 9 0.523911 0.976514 0.00151334 0.880226 1.46728 0 0.0775766 2.1401 0.0100739 0.042197 0.977673 2287 3
 0 5 10 0.579059 0.973294 0.00152845 0.844938 1.3818 0 0.0763248 2.0512 0.00573417 0.0787375 1.00019 2125 3
 0 5 11 0.634208 0.970675 0.00154468 0.816805 1.31312 0 0.0944395 1.95403 0.00537578 0.088755 1.00595 1990 3
 0 5 12 0.689356 0.966195 0.00159646 0.777106 1.25743 0 0.100481 1.85191 0.00417944 0.122414 1.00504 1891 3
 0 5 13 0.744505 0.967109 0.00163797 0.760406 1.21185 0 0.112305 1.76442 0.00423002 0.127289 0.95862 1605 3
 0 5 14 0.799653 0.969069 0.00178439 0.764202 1.1736 0 0.0901328 1.68982 0.00408499 0.145665 0.996176 1436 3
 0 5 15 0.854802 0.967209 0.00190712 0.725717 1.1418 0 0.107446 1.61581 0.00365657 0.166837 0.952365 1273 3
 0 5 16 0.90995 0.967816 0.00232603 0.714866 1.11521 0 0.122758 1.54973 0.00412264 0.162376 0.987981 1082 3

 0 6 4 0.238923 1.14235 0.00220037 1 2.48165 0 9.82621e-14 3.61762 0.298777 9.92779e-17 1.12009 1760 3
 0 6 5 0.292016 1.07394 0.00189687 0.990111 2.17097 0 0.00988884 3.04594 0.390043 1.0947e-14 1.04878 2204 3
 0 6 6 0.34511 1.03027 0.000461887 0.977546 1.93639 0 0.0224538 2.74638 0.380245 1.96566e-12 0.962863 2331 2
 0 6 7 0.398204 1.00405 8.41904e-06 0.95721 1.75567 0 0.0427901 2.49912 0.21557 1.03078e-15 0.948696 2239 2
 0 6 8 0.451298 0.991426 0.00154877 0.922909 1.61434 0 0.0559863 2.29341 0.0296436 0.0211044 0.980522 2294 3
 0 6 9 0.504392 0.982396 0.00147767 0.880355 1.50247 0 0.0715278 2.1879 0.00822321 0.0481176 0.967053 2230 3
 0 6 10 0.557486 0.972077 0.00154983 0.837526 1.41299 0 0.0790653 2.08155 0.00611215 0.0834091 0.99561 2081 3
 0 6 11 0.61058 0.970961 0.00162507 0.796396 1.34076 0 0.0987656 1.97811 0.00479418 0.104838 1.02617 1960 3
 0 6 12 0.663674 0.967637 0.00169458 0.774029 1.28194 0 0.0844095 1.89176 0.00406022 0.141562 1.05477 1812 3
 0 6 13 0.716768 0.968719 0.00177601 0.75604 1.23402 0 0.108295 1.80559 0.00434836 0.135665 1.01956 1570 3
 0 6 14 0.769861 0.964574 0.00189849 0.749013 1.19337 0 0.104625 1.71523 0.00411116 0.146362 1.03213 1407 3
 0 6 15 0.822955 0.968715 0.00199275 0.717236 1.15946 0 0.118133 1.65146 0.00398228 0.164631 0.989179 1240 3
 0 6 16 0.876049 0.967587 0.00223146 0.722313 1.13099 0 0.128502 1.58981 0.00438662 0.149185 0.956932 1013 3
 0 6 17 0.929143 0.96482 0.00249512 0.667027 1.10699 0 0.150254 1.53071 0.00367226 0.182719 0.935418 1007 3

 0 7 4 0.232068 1.16038 0.0023264 1 2.52898 0 4.46111e-13 3.67238 0.298777 9.67765e-15 1.10619 1735 3
 0 7 5 0.283639 1.08211 0.001877 0.994618 2.21421 0 0.00538219 3.09915 0.21053 7.42244e-14 1.01681 2249 1
 0 7 6 0.335209 1.03704 0.000208972 0.976963 1.97552 0 0.0230371 2.7978 0.333661 5.04602e-13 0.981588 2325 2
 0 7 7 0.38678 1.01282 8.35505e-05 0.96369 1.79082 0 0.0363103 2.54861 0.399984 8.42682e-13 0.951456 2254 2
 0 7 8 0.438351 0.995581 0.00157148 0.914818 1.64577 0 0.057196 2.33908 0.00369278 0.0279858 0.990241 2273 3
 0 7 9 0.489921 0.983267 0.00157604 0.885571 1.53048 0 0.0592177 2.21091 0.00946073 0.0552116 1.0177 2204 3
 0 7 10 0.541492 0.976093 0.001577 0.845513 1.43793 0 0.0819889 2.10748 0.00666201 0.0724976 1.01451 2057 3
 0 7 11 0.593063 0.970858 0.00162335 0.827409 1.36294 0 0.082757 2.01447 0.00580038 0.0898338 1.01377 1878 3
 0 7 12 0.644633 0.970221 0.00174536 0.771467 1.30169 0 0.10051 1.90617 0.00449523 0.128023 1.04708 1781 3
 0 7 13 0.696204 0.968475 0.00172411 0.761539 1.25127 0 0.108473 1.83649 0.00454396 0.129988 1.02205 1631 3
 0 7 14 0.747774 0.966233 0.00176292 0.748771 1.20938 0 0.126883 1.75021 0.00419385 0.124345 0.97121 1430 3
 0 7 15 0.799345 0.971912 0.00200359 0.762312 1.1738 0 0.115963 1.67822 0.00457884 0.121725 0.998989 1203 3
 0 7 16 0.850916 0.972599 0.00225253 0.727034 1.14386 0 0.142338 1.60747 0.00508708 0.130629 0.99679 1053 3

 0 8 4 0.227536 1.17036 0.00240792 1 2.56134 0 9.20667e-14 3.7096 0.298777 1.18434e-17 1.12188 1637 3
 0 8 5 0.2781 1.09161 0.00180765 1 2.24388 0 1.98872e-13 3.13534 0.248216 1.35491e-17 1.00847 2221 3
 0 8 6 0.328663 1.04647 0.00181728 0.976106 2.00246 0 0.0238941 2.83284 1.99997e-05 4.63467e-16 0.982737 2233 1
 0 8 7 0.379227 1.01264 6.4866e-05 0.962478 1.81511 0 0.0375222 2.5824 0.275844 3.6431e-13 0.978071 2155 2
 0 8 8 0.42979 1.00026 0.0015678 0.933417 1.66756 0 0.0415315 2.37151 0.00201555 0.0250519 0.981173 2353 3
 0 8 9 0.480354 0.989204 0.0015651 0.892486 1.54997 0 0.0631595 2.2206 0.0105772 0.0443548 1.00528 2261 3
 0 8 10 0.530917 0.98187 0.00163439 0.861086 1.45533 0 0.0800882 2.13173 0.0076378 0.0588262 1.01459 1931 3
 0 8 11 0.581481 0.972584 0.00167171 0.810882 1.37847 0 0.0968472 2.02347 0.00571279 0.0922708 1.02058 1886 3
 0 8 12 0.632044 0.970464 0.00169282 0.781077 1.31554 0 0.0964255 1.93496 0.00465706 0.122497 1.02654 1799 3
 0 8 13 0.682608 0.973956 0.00177651 0.776667 1.26365 0 0.100355 1.85708 0.00441826 0.122978 1.03646 1595 3
 0 8 14 0.733172 0.968114 0.00188205 0.751219 1.22065 0 0.120099 1.78683 0.00425577 0.128681 1.00288 1371 3
 0 8 15 0.783735 0.973995 0.00204336 0.745952 1.18392 0 0.119662 1.69075 0.00429983 0.134387 0.994736 1221 3
 0 8 16 0.834299 0.968804 0.00209212 0.728471 1.15295 0 0.13342 1.63811 0.00435743 0.138109 0.920973 1048 3

 0 9 4 0.225281 1.18932 0.00247928 1 2.57776 0 4.38936e-18 3.72842 0.0141304 1.85263e-22 1.10619 1714 1
 0 9 5 0.275344 1.10047 0.00194058 0.999949 2.25897 0 5.1429e-05 3.35365 0.0141304 2.23618e-10 1.01723 2239 1
 0 9 6 0.325406 1.05249 0.000702097 0.979357 2.01619 0 0.0206428 2.85059 0.372581 3.14895e-13 1.00887 2210 2
 0 9 7 0.375469 1.0263 0.000256182 0.96013 1.82752 0 0.0398701 2.59951 0.322952 4.84815e-11 0.978509 2147 2
 0 9 8 0.425531 1.00228 0.0016657 0.935523 1.67872 0 0.045939 2.38797 0.00244008 0.0185385 1.05415 2459 3
 0 9 9 0.475594 0.987682 0.00168421 0.89045 1.55997 0 0.0626216 2.25798 0.00975481 0.0469284 1.06974 2353 3
 0 9 10 0.525656 0.98038 0.00165851 0.87821 1.46427 0 0.0695987 2.1323 0.00869046 0.0521913 1.04601 2084 3
 0 9 11 0.575719 0.96625 0.00195848 0.84772 1.38646 0 0.0708379 2.04201 0.00629662 0.0814425 1.25266 2156 3
 0 9 12 0.625781 0.961197 0.00190879 0.841931 1.32269 0 0.082649 1.94981 0.00667924 0.0754197 1.26102 2140 3
 0 9 13 0.675844 0.965043 0.00189325 0.792048 1.27004 0 0.0874814 1.87548 0.00466805 0.12047 1.09568 1670 3
 0 9 14 0.725906 0.97626 0.00190063 0.778036 1.22647 0 0.102935 1.78416 0.00465106 0.119029 1.02691 1410 3
 0 9 15 0.775969 0.9724 0.00206823 0.73567 1.18915 0 0.11984 1.7171 0.00419201 0.14449 0.977917 1205 3
 0 9 16 0.826031 0.973719 0.00224917 0.730616 1.15767 0 0.120325 1.64422 0.00453683 0.149059 1.00095 1079 3

 0 10 4 0.225281 1.18503 0.00259067 1 2.57776 0 5.73441e-13 3.72842 0.0141304 5.33027e-14 1.18625 1776 1
 0 10 5 0.275344 1.10414 0.00197743 0.996058 2.25897 0 0.00394223 3.35365 0.0141304 8.40395e-13 1.0231 2202 1
 0 10 6 0.325406 1.05412 0.00172461 0.981448 2.01619 0 0.0185519 2.85059 0.310881 5.88404e-13 0.982085 2229 3
 0 10 7 0.375469 1.02626 0.00177726 0.965427 1.82752 0 0.0345728 2.59951 1.99996e-05 1.96582e-15 0.979452 2173 1
 0 10 8 0.425531 0.998098 0.00171914 0.93253 1.67872 0 0.0486343 2.38797 0.00213245 0.0188361 1.06747 2428 3
 0 10 9 0.475594 0.986276 0.00177578 0.882916 1.55997 0 0.0750062 2.23414 0.0101375 0.0420777 1.1095 2346 3
 0 10 10 0.525656 0.976724 0.0017775 0.88104 1.46427 0 0.0709943 2.13614 0.0103108 0.0479659 1.10122 2082 3
 0 10 11 0.575719 0.965854 0.00182695 0.860757 1.38646 0 0.0686733 2.02161 0.00731181 0.0705698 1.20632 2198 3
 0 10 12 0.625781 0.956979 0.00179608 0.840099 1.32269 0 0.0820207 1.9439 0.00583472 0.0778799 1.18876 2202 3
 0 10 13 0.675844 0.967281 0.00185449 0.796086 1.27004 0 0.0904131 1.86792 0.0047732 0.113501 1.10377 1718 3
 0 10 14 0.725906 0.97268 0.00201803 0.77431 1.22647 0 0.111053 1.78161 0.00502246 0.114637 1.04399 1334 3
 0 10 15 0.775969 0.975999 0.00222592 0.749595 1.18915 0 0.11074 1.71599 0.00454072 0.139665 1.02481 1118 3
 0 10 16 0.826031 0.975293 0.00220655 0.727505 1.15767 0 0.143393 1.64244 0.00470282 0.129102 0.963362 1071 3

 0 11 4 0.227536 1.17218 0.00237591 1 2.56134 0 4.26565e-14 3.7096 0.0141304 2.46286e-15 1.12325 1903 1
 0 11 5 0.2781 1.09436 0.000661408 0.995651 2.24388 0 0.00434855 3.13538 0.317461 6.9381e-13 0.991774 2275 2
 0 11 6 0.328663 1.04308 0.000958071 0.982196 2.00246 0 0.017804 2.83284 0.36419 3.15455e-12 0.987757 2345 2
 0 11 7 0.379227 1.01648 9.8413e-05 0.966381 1.81511 0 0.0336191 2.58239 0.398575 8.91558e-13 0.967706 2205 2
 0 11 8 0.42979 0.998247 0.00160533 0.917393 1.66756 0 0.0585176 2.37151 0.0014249 0.0240895 0.986508 2321 3
 0 11 9 0.480354 0.986954 0.00161596 0.894258 1.54997 0 0.0582894 2.2583 0.0104267 0.0474521 1.00697 2170 3
 0 11 10 0.530917 0.979862 0.00166669 0.857014 1.45533 0 0.0727211 2.11585 0.00790075 0.0702646 1.03846 2073 3
 0 11 11 0.581481 0.975017 0.00170518 0.805456 1.37847 0 0.100519 2.03122 0.00563478 0.0940259 1.03775 1895 3
 0 11 12 0.632044 0.967348 0.00169241 0.790881 1.31554 0 0.0893729 1.94072 0.00457003 0.119746 1.00019 1807 3
 0 11 13 0.682608 0.968017 0.00178463 0.78039 1.26365 0 0.111467 1.86268 0.00525489 0.108143 1.02182 1581 3
 0 11 14 0.733172 0.9692 0.00202776 0.734373 1.22065 0 0.119998 1.78513 0.00420722 0.145629 1.03484 1353 3
 0 11 15 0.783735 0.970192 0.00215755 0.715413 1.18392 0 0.124274 1.70165 0.00408266 0.160313 1.02484 1189 3
 0 11 16 0.834299 0.971612 0.00237529 0.710963 1.15295 0 0.135219 1.63286 0.00453389 0.153817 1.02029 1085 3

 0 12 4 0.232068 1.1598 0.00223551 1 2.52898 0 8.96818e-14 3.67238 0.298777 1.55664e-19 1.13526 1808 3
 0 12 5 0.283639 1.08347 0.00178059 0.989854 2.21421 0 0.0101462 3.43465 0.326023 4.669e-13 1.00303 2278 3
 0 12 6 0.335209 1.03817 0.000865967 0.976834 1.97552 0 0.0231659 2.7978 0.396715 3.39999e-11 1.00451 2376 2
 0 12 7 0.38678 1.00904 0.0016271 0.960942 1.79082 0 0.0367123 2.54861 0.00762566 0.00234599 0.958623 2328 3
 0 12 8 0.438351 0.994198 0.00161209 0.915908 1.64577 0 0.0590706 2.33908 0.00212618 0.0250212 1.01828 2379 3
 0 12 9 0.489921 0.984422 0.00157508 0.889779 1.53048 0 0.0639482 2.21332 0.00902667 0.0462731 1.00582 2245 3
 0 12 10 0.541492 0.975263 0.00156238 0.864991 1.43793 0 0.0750064 2.09716 0.00738035 0.0600024 1.00865 2055 3
 0 12 11 0.593063 0.971604 0.001645 0.821916 1.36294 0 0.0895289 2.01274 0.00598556 0.088555 1.0323 1929 3
 0 12 12 0.644633 0.966913 0.00174294 0.798875 1.30169 0 0.0901115 1.91876 0.00469662 0.111014 1.06235 1828 3
 0 12 13 0.696204 0.967066 0.00185572 0.767035 1.25127 0 0.10017 1.8387 0.00438671 0.132795 1.04213 1546 3
 0 12 14 0.747774 0.963587 0.00180686 0.740972 1.20938 0 0.122696 1.75196 0.00389288 0.136333 0.990311 1440 3
 0 12 15 0.799345 0.96933 0.0019619 0.762284 1.1738 0 0.116925 1.68132 0.00461813 0.120791 0.991467 1209 3
 0 12 16 0.850916 0.970965 0.00205169 0.760765 1.14386 0 0.127757 1.6137 0.00485745 0.111478 0.955616 1104 3

 0 13 4 0.238923 1.15025 0.00225297 1 2.48165 0 1.00891e-12 3.61762 0.0141304 1.68901e-15 1.06755 1889 1
 0 13 5 0.292016 1.07597 0.00163305 0.988719 2.17097 0 0.0112812 3.04599 0.389914 2.64529e-12 1.01851 2318 3
 0 13 6 0.34511 1.03049 0.00170723 0.976191 1.93639 0 0.0238088 2.74638 1.99996e-05 1.97069e-15 1.00824 2486 1
 0 13 7 0.398204 1.00334 0.0015545 0.957088 1.75567 0 0.0408735 2.49912 0.0118746 0.00203867 0.932166 2377 3
 0 13 8 0.451298 0.993313 0.00152021 0.916522 1.61434 0 0.0486984 2.29205 0.0746266 0.0347796 0.974702 2387 3
 0 13 9 0.504392 0.98041 0.00156513 0.883103 1.50247 0 0.0726051 2.18519 0.00925919 0.044292 1.02419 2298 3
 0 13 10 0.557486 0.972163 0.00151675 0.865202 1.41299 0 0.0846939 2.09507 0.00761793 0.050104 1.00394 2146 3
 0 13 11 0.61058 0.967517 0.00160396 0.820413 1.34076 0 0.0948756 1.99067 0.0053367 0.0847118 1.02696 1980 3
 0 13 12 0.663674 0.966426 0.00164622 0.791148 1.28194 0 0.0959974 1.89324 0.00443207 0.112855 1.01028 1776 3
 0 13 13 0.716768 0.967143 0.00174746 0.758425 1.23402 0 0.10386 1.79579 0.00411769 0.137715 1.02738 1602 3
 0 13 14 0.769861 0.966401 0.00197442 0.752184 1.19337 0 0.122892 1.71465 0.00501771 0.124924 1.04476 1347 3
 0 13 15 0.822955 0.965045 0.00197814 0.728172 1.15946 0 0.124982 1.65217 0.00410561 0.146846 0.992555 1280 3
 0 13 16 0.876049 0.971485 0.00218082 0.735778 1.13099 0 0.111879 1.59129 0.0039745 0.152343 0.964379 1142 3

 0 14 4 0.248168 1.12821 0.00219618 1 2.42072 0 1.18405e-12 3.54647 0.0141304 4.3892e-16 1.06468 1951 1
 0 14 5 0.303317 1.06285 0.00169167 0.988516 2.11558 0 0.0114843 2.97696 0.319765 3.50642e-14 0.998523 2461 3
 0 14 6 0.358465 1.02065 0.00165648 0.975561 1.88653 0 0.0244386 2.67985 0.313286 2.06165e-18 0.977188 2452 1
 0 14 7 0.413614 0.998557 0.00156072 0.95345 1.7111 0 0.0406034 2.43524 0.00429047 0.00594609 0.956733 2427 3
 0 14 8 0.468762 0.985346 0.00154766 0.904584 1.57468 0 0.0618507 2.26524 0.0109374 0.033565 1.00837 2439 3
 0 14 9 0.523911 0.97675 0.00149954 0.867658 1.46728 0 0.0772073 2.14337 0.00759214 0.0551347 0.986807 2318 3
 0 14 10 0.579059 0.971152 0.00149905 0.852595 1.3818 0 0.0747213 2.04832 0.00612861 0.0726841 0.991521 2143 3
 0 14 11 0.634208 0.966971 0.0015657 0.805558 1.31312 0 0.0983706 1.94192 0.00487584 0.0960711 0.997174 1946 3
 0 14 12 0.689356 0.965374 0.00161085 0.786659 1.25743 0 0.101913 1.83492 0.00481528 0.111428 1.0038 1809 3
 0 14 13 0.744505 0.967606 0.00181714 0.768952 1.21185 0 0.0950412 1.7539 0.00424811 0.136007 1.04723 1539 3
 0 14 14 0.799653 0.966869 0.00182642 0.765561 1.1736 0 0.103905 1.68031 0.0042801 0.130534 0.995413 1378 3
 0 14 15 0.854802 0.96827 0.00207368 0.77023 1.1418 0 0.110317 1.61905 0.0047222 0.119453 1.03879 1294 3
 0 14 16 0.90995 0.966334 0.00198529 0.714371 1.11521 0 0.138331 1.5434 0.00396584 0.147298 0.932213 1175 3

 0 15 4 0.259898 1.11241 0.00211183 0.998769 2.3479 0 0.00123144 3.46042 0.0199501 8.84664e-15 1.07485 2088 1
 0 15 5 0.317653 1.05031 0.00180298 0.989007 2.04981 0 0.0109931 2.89388 0.32882 3.20954e-14 1.00599 2389 1
 0 15 6 0.375408 1.00966 0.00161824 0.971421 1.82772 0 0.0285789 2.59979 1.99996e-05 6.99997e-18 0.957234 2501 1
 0 15 7 0.433163 0.989084 0.00159046 0.93429 1.65887 0 0.0512958 2.35862 0.00236024 0.0144138 0.953433 2345 3
 0 15 8 0.490918 0.981119 0.00150209 0.908909 1.5285 0 0.052756 2.19381 0.0119301 0.038335 0.973095 2378 3
 0 15 9 0.548673 0.972675 0.00149297 0.882166 1.42653 0 0.0700354 2.09261 0.00855905 0.047799 1.01171 2376 3
 0 15 10 0.606428 0.967964 0.00157931 0.850892 1.34588 0 0.0775344 2.00576 0.00631237 0.0715741 1.04142 2059 3
 0 15 11 0.664183 0.969235 0.00166586 0.831763 1.28143 0 0.0779108 1.88319 0.00563174 0.0903258 1.05477 1864 3
 0 15 12 0.721938 0.969942 0.00165871 0.795455 1.22972 0 0.0873154 1.80001 0.00467825 0.11723 1.01435 1756 3
 0 15 13 0.779693 0.965685 0.00183226 0.76148 1.18663 0 0.0995668 1.71192 0.00426782 0.138953 1.02143 1532 3
 0 15 14 0.837449 0.968069 0.00177104 0.762008 1.15119 0 0.105759 1.63949 0.0043209 0.132232 0.976867 1425 3
 0 15 15 0.895204 0.969633 0.00215145 0.722366 1.12186 0 0.131319 1.56575 0.00431206 0.146316 1.03627 1316 3
 0 15 16 0.952959 0.970641 0.00249994 0.730071 1.09746 0 0.134867 1.51186 0.00446608 0.135062 0.997027 1120 3

 0 16 4 0.274228 1.09657 0.00203452 0.998506 2.26515 0 0.00149409 3.16117 0.324757 6.08227e-17 1.0607 2001 3
 0 16 5 0.335168 1.04052 0.00169375 0.982542 1.97568 0 0.0174584 2.79802 1.99997e-05 8.05489e-15 0.97032 2423 1
 0 16 6 0.396108 1.00306 3.6246e-05 0.977198 1.76198 0 0.0228017 2.50808 0.289284 5.49745e-13 0.928563 2431 2
 0 16 7 0.457047 0.988901 0.00160581 0.936877 1.60095 0 0.0473351 2.27117 0.0052548 0.0157881 0.974302 2376 3
 0 16 8 0.517987 0.982377 0.00152505 0.909323 1.47766 0 0.0565923 2.15098 0.010248 0.0340848 1.00829 2393 3
 0 16 9 0.578927 0.972757 0.00150458 0.880681 1.38199 0 0.0684822 2.04498 0.00783096 0.0508368 1.01277 2304 3
 0 16 10 0.639866 0.971878 0.00151458 0.867975 1.30686 0 0.0754651 1.93293 0.00744098 0.0565603 1.00968 2075 3
 0 16 11 0.700806 0.969091 0.00156058 0.829736 1.24722 0 0.0898661 1.82569 0.0057228 0.0803978 0.998467 1880 3
 0 16 12 0.761746 0.968134 0.00172568 0.786947 1.19911 0 0.111588 1.74468 0.00491499 0.101466 1.03908 1724 3
 0 16 13 0.822685 0.968362 0.00175173 0.773933 1.15961 0 0.106599 1.66063 0.00439531 0.119469 0.994128 1557 3
 0 16 14 0.883625 0.965836 0.00199044 0.73306 1.12732 0 0.135944 1.58595 0.00431897 0.130996 1.00344 1381 3
 0 16 15 0.944565 0.972596 0.00204582 0.729297 1.10074 0 0.128301 1.52088 0.00409768 0.142402 0.935669 1245 3
 0 16 16 1.0055 0.967879 0.00271561 0.698182 1.07876 0 0.14582 1.45236 0.00443859 0.155998 0.980421 1045 3

 0 17 4 0.291304 1.07262 0.0100259 0.993413 2.17457 0 0.00658728 3.21779 0.256386 1.00488e-10 1.05536 2082 3
 0 17 5 0.356038 1.02704 0.00166496 0.975456 1.89536 0 0.0245437 2.69172 0.276257 3.10912e-19 1.00479 2487 1
 0 17 6 0.420772 0.996541 9.82002e-05 0.965762 1.69144 0 0.0342384 2.40663 0.371504 3.92289e-11 0.957874 2569 2
 0 17 7 0.485506 0.985052 0.00153356 0.930026 1.53938 0 0.048938 2.21432 0.0124412 0.0210357 0.966636 2413 3
 0 17 8 0.55024 0.975006 0.0014158 0.918646 1.42409 0 0.0549027 2.11316 0.0108272 0.0264515 0.9765 2428 3
 0 17 9 0.614975 0.972589 0.00149381 0.869403 1.33542 0 0.0747242 1.98867 0.007606 0.0558731 1.00587 2193 3
 0 17 10 0.679709 0.970395 0.00147717 0.8553 1.26637 0 0.0878853 1.86723 0.00661365 0.0568146 0.981684 2009 3
 0 17 11 0.744443 0.968624 0.0015661 0.814218 1.2119 0 0.106986 1.7526 0.00570365 0.0787962 0.995754 1853 3
 0 17 12 0.809177 0.971025 0.00166211 0.791497 1.16769 0 0.114594 1.67043 0.00530744 0.0939091 0.996765 1706 3
 0 17 13 0.873911 0.969784 0.00181272 0.783696 1.13205 0 0.117212 1.59208 0.0049547 0.0990918 1.00711 1559 3
 0 17 14 0.938645 0.97123 0.0022452 0.731656 1.1031 0 0.14287 1.51885 0.0043504 0.125474 0.994076 1414 3
 0 17 15 1.00338 0.973857 0.00256008 0.721259 1.07946 0 0.138391 1.4692 0.00407938 0.14035 0.97191 1236 3
 0 17 16 1.06811 0.970525 0.00278413 0.648092 1.06006 0 0.203108 1.4105 0.00426251 0.1488 0.90059 1062 3

 0 18 4 0.311294 1.05388 0.00190237 0.997073 2.07839 0 0.00292693 2.93008 1.99996e-05 9.89198e-13 0.998319 2033 1
 0 18 5 0.380471 1.01401 0.00017309 0.984147 1.81105 0 0.0158533 2.57677 0.37681 5.29672e-13 0.982875 2375 2
 0 18 6 0.449648 0.992593 0.0014935 0.953577 1.61825 0 0.0401314 2.29758 0.0078395 0.0062916 0.951416 2532 3
 0 18 7 0.518824 0.979858 0.00142133 0.932413 1.47618 0 0.0541992 2.15474 0.0159889 0.0133874 0.939399 2405 3
 0 18 8 0.588001 0.975419 0.00134428 0.911416 1.36964 0 0.0574971 2.04007 0.00979247 0.0310874 0.960537 2421 3
 0 18 9 0.657177 0.970607 0.00139787 0.879423 1.28852 0 0.0805815 1.91492 0.00789414 0.0399952 1.0122 2283 3
 0 18 10 0.726354 0.969138 0.00140439 0.866375 1.22611 0 0.0873844 1.80748 0.0076152 0.0462404 0.985275 2045 3
 0 18 11 0.79553 0.972991 0.00143285 0.825397 1.17622 0 0.100783 1.6931 0.00644539 0.0738204 0.973951 1916 3
 0 18 12 0.864707 0.973874 0.00160346 0.800651 1.13667 0 0.103561 1.61626 0.00503932 0.0957878 0.989828 1677 3
 0 18 13 0.933883 0.975082 0.00180169 0.803336 1.10504 0 0.0983207 1.53423 0.00484864 0.0983432 0.972988 1554 3
 0 18 14 1.00306 0.96915 0.00208339 0.73524 1.07957 0 0.157007 1.46291 0.00485844 0.107752 0.938265 1361 3
 0 18 15 1.07224 0.970814 0.00268175 0.684971 1.05895 0 0.189104 1.40635 0.00408022 0.125925 0.90127 1195 3
 0 18 16 1.14141 0.96863 0.0040556 0.614175 1.0422 0 0.26194 1.35399 0.0046622 0.123886 0.901535 1080 3

 0 19 4 0.334401 1.03805 0.00183407 0.990244 1.9788 0 0.00975576 2.80211 0.250854 1.40921e-12 1.03317 2027 3
 0 19 5 0.408712 1.00217 0.00164218 0.977121 1.72494 0 0.0228787 2.45521 1.99997e-05 3.64536e-17 0.986031 2269 1
 0 19 6 0.483023 0.98634 0.00158283 0.951086 1.54445 0 0.0387211 2.20156 0.0181196 0.0101933 1.01767 2582 3
 0 19 7 0.557335 0.979447 0.00145501 0.930653 1.41322 0 0.0522542 2.10975 0.0139341 0.0170926 0.978902 2474 3
 0 19 8 0.631646 0.978395 0.00136075 0.900468 1.31599 0 0.0666456 1.96045 0.00892532 0.0328868 0.957901 2374 3
 0 19 9 0.705957 0.976557 0.00133787 0.882825 1.24276 0 0.076604 1.82935 0.00881 0.0405711 0.989924 2255 3
 0 19 10 0.780268 0.974618 0.00143819 0.843486 1.18624 0 0.0949489 1.71025 0.00660667 0.0615648 1.01199 2008 3
 0 19 11 0.85458 0.974402 0.00146099 0.823355 1.14191 0 0.117193 1.63309 0.00654686 0.0594514 0.980393 1827 3
 0 19 12 0.928891 0.97663 0.00153555 0.80976 1.1071 0 0.110604 1.53787 0.00574575 0.0796358 0.94678 1661 3
 0 19 13 1.0032 0.975967 0.00208663 0.762338 1.07952 0 0.139507 1.46907 0.00522 0.0981546 0.971654 1487 3
 0 19 14 1.07751 0.973177 0.00279802 0.708702 1.05755 0 0.194013 1.40351 0.00512058 0.0972853 0.918414 1379 3
 0 19 15 1.15182 0.980033 0.00490415 0.713646 1.03996 0 0.168142 1.35447 0.00488738 0.118213 1.01367 1198 3
 0 19 16 1.22614 0.975862 0.00503642 0.674741 1.02584 0 0.21781 1.29618 0.00556772 0.10745 0.909741 1023 3


 1 0 4 0.334401 1.04927 0.0017396 0.994651 1.9788 0 0.00534917 3.00208 0.0199501 8.14748e-16 1.00824 1871 1
 1 0 5 0.408712 1.00659 0.00013857 0.980565 1.72494 0 0.0194352 2.45522 0.3877 2.87066e-13 1.00381 2065 2
 1 0 6 0.483023 0.986397 1.03564e-05 0.961762 1.54445 0 0.0382381 2.22657 0.261063 3.60936e-14 0.982652 2161 2
 1 0 7 0.557335 0.980743 0.00146347 0.941201 1.41322 0 0.0563301 2.03323 0.040023 0.00246868 0.996369 2259 3
 1 0 8 0.631646 0.978525 0.00140077 0.934237 1.31599 0 0.0599586 1.93477 0.0240097 0.00580452 1.02303 2266 3
 1 0 9 0.705957 0.975543 0.00132343 0.899195 1.24276 0 0.0839395 1.81212 0.0129384 0.0168659 0.997999 2187 3
 1 0 10 0.780268 0.975079 0.00138282 0.885334 1.18624 0 0.0893177 1.71653 0.0118888 0.0253482 0.980061 1966 3
 1 0 11 0.85458 0.978309 0.00141824 0.869309 1.14191 0 0.100767 1.59983 0.00928052 0.0299239 0.952645 1767 3
 1 0 12 0.928891 0.98128 0.00168562 0.840204 1.1071 0 0.130418 1.53684 0.00976958 0.0293787 0.977483 1579 3
 1 0 13 1.0032 0.976292 0.00190789 0.815052 1.07952 0 0.135129 1.46594 0.00734721 0.0498193 0.912419 1333 3
 1 0 14 1.07751 0.968898 0.00261498 0.714208 1.05755 0 0.22385 1.40005 0.00655113 0.0619427 0.885088 1259 3
 1 0 15 1.15182 0.974361 0.00319173 0.690245 1.03996 0 0.234112 1.33831 0.00580158 0.0756424 0.854496 1100 3

 1 1 4 0.311294 1.06507 0.00190695 1 2.07839 0 8.30438e-13 3.13008 0.0141304 1.97236e-21 1.01027 1765 1
 1 1 5 0.380471 1.01474 0.000461978 0.982841 1.81105 0 0.017159 2.57677 0.200195 2.96233e-13 0.998039 2012 2
 1 1 6 0.449648 0.995152 4.35169e-05 0.969403 1.61825 0 0.0305968 2.29758 0.24093 1.83911e-14 1.00027 2123 2
 1 1 7 0.518824 0.977562 0.00143847 0.948339 1.47618 0 0.0494712 2.13734 0.0391979 0.00218949 0.959827 2173 3
 1 1 8 0.588001 0.977062 0.00132933 0.931351 1.36964 0 0.0640105 1.99682 0.0403096 0.00463814 0.984678 2359 3
 1 1 9 0.657177 0.974032 0.00140842 0.908524 1.28852 0 0.0782305 1.88562 0.0163994 0.0132451 1.03084 2184 3
 1 1 10 0.726354 0.9759 0.00142271 0.882838 1.22611 0 0.0968936 1.78992 0.0132072 0.0202689 1.00099 1897 3
 1 1 11 0.79553 0.976253 0.00138179 0.867208 1.17622 0 0.10066 1.70235 0.00810978 0.0321322 0.977852 1863 3
 1 1 12 0.864707 0.979248 0.00149044 0.850731 1.13667 0 0.119465 1.60774 0.010495 0.0298043 0.962876 1648 3
 1 1 13 0.933883 0.975785 0.00175429 0.814438 1.10504 0 0.141986 1.5372 0.00837663 0.0435754 0.92742 1428 3
 1 1 14 1.00306 0.976843 0.0025081 0.783983 1.07957 0 0.138303 1.47059 0.00560209 0.0777141 0.971924 1250 3
 1 1 15 1.07224 0.975057 0.00266344 0.710746 1.05895 0 0.222438 1.40491 0.00553026 0.0668156 0.86508 1196 3

 1 2 4 0.291304 1.08349 0.00199764 0.998682 2.17457 0 0.00131829 3.25039 0.0141304 3.71004e-12 1.04254 1712 1
 1 2 5 0.356038 1.0315 0.00147433 0.987494 1.89536 0 0.012506 2.69171 0.228616 6.8798e-13 0.993345 2135 3
 1 2 6 0.420772 0.998954 7.61444e-05 0.970627 1.69144 0 0.0293731 2.40664 0.262807 2.06514e-14 0.981306 2117 2
 1 2 7 0.485506 0.979315 5.70636e-05 0.958965 1.53938 0 0.0410351 2.17495 0.354529 3.93658e-13 0.988223 2003 2
 1 2 8 0.55024 0.980187 0.00136638 0.936272 1.42409 0 0.053992 2.05852 0.0227567 0.0097362 1.01015 2351 3
 1 2 9 0.614975 0.973677 0.00130606 0.908887 1.33542 0 0.0689988 1.95353 0.0097686 0.0221137 0.958615 2193 3
 1 2 10 0.679709 0.972417 0.00137352 0.890922 1.26637 0 0.0927124 1.8726 0.0136515 0.0163654 0.969741 1966 3
 1 2 11 0.744443 0.972929 0.00139121 0.861298 1.2119 0 0.101139 1.75155 0.00778306 0.0375634 0.95571 1800 3
 1 2 12 0.809177 0.975527 0.00156913 0.857224 1.16769 0 0.106446 1.65919 0.00904056 0.0363298 0.997057 1621 3
 1 2 13 0.873911 0.971824 0.00162467 0.826887 1.13205 0 0.128676 1.58702 0.00737804 0.0444367 0.938561 1473 3
 1 2 14 0.938645 0.976 0.00204899 0.805672 1.1031 0 0.155527 1.51885 0.00844629 0.0388004 0.942309 1257 3
 1 2 15 1.00338 0.973277 0.00240343 0.75894 1.07946 0 0.167757 1.4556 0.00635338 0.0733038 0.949021 1051 3
 1 2 16 1.06811 0.972668 0.00258126 0.729815 1.06006 0 0.197884 1.41454 0.00698578 0.0723004 0.89392 1020 3

 1 3 4 0.274228 1.10243 0.00177295 1 2.26515 0 2.41839e-12 3.36113 0.298777 3.39865e-17 1.05492 1697 3
 1 3 5 0.335168 1.04284 0.00160516 0.991235 1.97568 0 0.00876503 2.99802 0.0199501 8.8097e-18 1.01259 2164 1
 1 3 6 0.396108 1.00519 0.000949346 0.971848 1.76198 0 0.0281519 2.50806 0.31125 3.72374e-11 0.996442 2179 2
 1 3 7 0.457047 0.986844 6.48174e-05 0.955801 1.60095 0 0.0441991 2.27117 0.280914 5.42475e-14 1.00876 2119 2
 1 3 8 0.517987 0.97991 0.00136678 0.940151 1.47766 0 0.0538387 2.09295 0.0262784 0.00601065 0.996509 2381 3
 1 3 9 0.578927 0.974293 0.00137744 0.908085 1.38199 0 0.0742229 2.0014 0.0136322 0.0176923 0.978305 2178 3
 1 3 10 0.639866 0.974032 0.00142906 0.901466 1.30686 0 0.080482 1.91539 0.0120394 0.0180516 1.022 2091 3
 1 3 11 0.700806 0.970412 0.00149195 0.880851 1.24722 0 0.0956921 1.82166 0.0139027 0.0234574 0.999249 1815 3
 1 3 12 0.761746 0.972462 0.00159203 0.853116 1.19911 0 0.111115 1.73314 0.00827979 0.0357689 0.989739 1600 3
 1 3 13 0.822685 0.969723 0.00169868 0.840425 1.15961 0 0.111136 1.6487 0.00858822 0.0484386 0.980416 1451 3
 1 3 14 0.883625 0.972446 0.00172292 0.838996 1.12732 0 0.118068 1.58182 0.00709099 0.0429361 0.919904 1261 3
 1 3 15 0.944565 0.971983 0.00189578 0.80421 1.10074 0 0.142206 1.51332 0.00700627 0.0535844 0.885551 1133 3

 1 4 4 0.259898 1.11855 0.00180244 1 2.3479 0 9.02193e-14 3.46042 0.298777 1.99822e-14 1.06152 1869 3
 1 4 5 0.317653 1.05264 0.00165138 0.997888 2.04981 0 0.00211189 3.09374 0.0141304 9.5756e-11 0.996749 2063 1
 1 4 6 0.375408 1.01187 9.12662e-05 0.972141 1.82772 0 0.0278589 2.59979 0.394795 2.15282e-14 1.00217 2198 2
 1 4 7 0.433163 0.991493 0.000483802 0.960503 1.65887 0 0.039497 2.35862 0.220537 1.95838e-11 1.01243 1947 2
 1 4 8 0.490918 0.981348 0.00142413 0.952179 1.5285 0 0.0473388 2.15755 0.252343 0.000482314 0.990258 2272 3
 1 4 9 0.548673 0.972287 0.00142299 0.919807 1.42653 0 0.0723159 2.07119 0.0236173 0.00787739 0.987175 2157 3
 1 4 10 0.606428 0.973091 0.00150726 0.890201 1.34588 0 0.0809357 1.93236 0.0110508 0.0288628 1.02191 2001 3
 1 4 11 0.664183 0.970256 0.00142716 0.874501 1.28143 0 0.0973463 1.88707 0.0100623 0.0281531 0.94947 1823 3
 1 4 12 0.721938 0.97077 0.001537 0.866056 1.22972 0 0.105683 1.79266 0.00953089 0.0282609 0.968266 1625 3
 1 4 13 0.779693 0.964625 0.00166409 0.864318 1.18663 0 0.102401 1.71407 0.00918015 0.0332808 0.992868 1481 3
 1 4 14 0.837449 0.971651 0.00171912 0.835974 1.15119 0 0.119719 1.6326 0.00809529 0.0443075 0.945353 1331 3
 1 4 15 0.895204 0.972746 0.00206681 0.786386 1.12186 0 0.150084 1.56111 0.00693952 0.0635303 0.973081 1122 3
 1 4 16 0.952959 0.966693 0.00210252 0.754005 1.09746 0 0.160211 1.50301 0.00530705 0.085784 0.893933 1057 3

 1 5 4 0.248168 1.13492 0.00194083 1 2.42072 0 7.44026e-15 3.54647 0.0141304 8.76753e-18 1.05991 1895 1
 1 5 5 0.303317 1.06424 0.00172008 1 2.11558 0 1.99592e-13 3.17696 0.0141304 1.36674e-17 1.01029 2082 1
 1 5 6 0.358465 1.01731 0.0015528 0.985435 1.88653 0 0.0145646 2.67984 0.382081 7.60288e-14 0.990698 2213 3
 1 5 7 0.413614 0.996138 0.0016623 0.961682 1.7111 0 0.038318 2.43538 0.332666 6.28909e-15 1.02444 2072 1
 1 5 8 0.468762 0.98417 0.000156249 0.945907 1.57468 0 0.0540935 2.23056 0.390137 3.06357e-11 0.992461 2278 2
 1 5 9 0.523911 0.977676 0.00139339 0.926886 1.46728 0 0.0669614 2.12215 0.0386097 0.00615216 0.960849 2157 3
 1 5 10 0.579059 0.973297 0.00143379 0.919036 1.3818 0 0.065386 1.97243 0.017169 0.0155783 0.964389 1942 3
 1 5 11 0.634208 0.96995 0.00154023 0.877476 1.31312 0 0.0977977 1.86721 0.0120628 0.0247266 0.999399 1769 3
 1 5 12 0.689356 0.971593 0.00157912 0.865507 1.25743 0 0.0984168 1.85555 0.0085169 0.0360759 0.998947 1653 3
 1 5 13 0.744505 0.965996 0.00164673 0.849517 1.21185 0 0.11081 1.74911 0.00850861 0.0396729 0.971353 1424 3
 1 5 14 0.799653 0.968123 0.00169396 0.831668 1.1736 0 0.128219 1.67378 0.00872221 0.0401125 0.89949 1216 3
 1 5 15 0.854802 0.971328 0.00197325 0.802998 1.1418 0 0.146682 1.61018 0.00813338 0.0503197 0.956725 1100 3
 1 5 16 0.90995 0.973619 0.00217051 0.811097 1.11521 0 0.122715 1.54515 0.00624064 0.0661883 0.945987 1040 3

 1 6 4 0.238923 1.15789 0.00192636 1 2.48165 0 8.44306e-20 3.61762 0.298777 1.8336e-21 1.13372 1948 3
 1 6 5 0.292016 1.07505 0.00171024 1 2.17097 0 6.4232e-12 3.24594 0.0141304 3.46776e-17 1.05381 2273 1
 1 6 6 0.34511 1.02875 0.00160614 0.987544 1.93639 0 0.0124556 2.74645 0.394073 3.16218e-17 0.99402 2180 3
 1 6 7 0.398204 0.999728 0.00166414 0.956047 1.75567 0 0.0439531 2.49912 0.223101 3.95177e-11 0.996584 2027 3
 1 6 8 0.451298 0.987654 0.00149168 0.948149 1.61434 0 0.051851 2.29165 0.202089 2.3538e-16 1.02065 2277 1
 1 6 9 0.504392 0.979464 2.89598e-05 0.918999 1.50247 0 0.0810005 2.11542 0.386716 8.64909e-14 0.968521 2071 2
 1 6 10 0.557486 0.977027 0.00142543 0.914215 1.41299 0 0.0786313 2.01835 0.0303637 0.00715406 0.978656 2056 3
 1 6 11 0.61058 0.973147 0.00151227 0.908416 1.34076 0 0.0777934 1.92357 0.0170922 0.0137909 1.00198 1803 3
 1 6 12 0.663674 0.971875 0.00161854 0.861271 1.28194 0 0.111626 1.85469 0.0114325 0.0271031 0.991376 1615 3
 1 6 13 0.716768 0.966037 0.0016753 0.85494 1.23402 0 0.0999211 1.79299 0.00769797 0.0451392 0.982045 1414 3
 1 6 14 0.769861 0.968994 0.00183546 0.831667 1.19337 0 0.120995 1.70866 0.00727567 0.0473383 0.992838 1249 3
 1 6 15 0.822955 0.973876 0.00194415 0.800533 1.15946 0 0.127697 1.65441 0.00638231 0.0717696 0.960006 1129 3

 1 7 4 0.232068 1.16961 0.00212119 1 2.52898 0 8.32464e-16 3.67238 0.0141304 4.42877e-19 1.16948 2024 1
 1 7 5 0.283639 1.08573 0.00170631 1 2.21421 0 1.1264e-12 3.29914 0.0141304 1.38338e-19 1.06718 2379 1
 1 7 6 0.335209 1.03883 0.00166284 0.990376 1.97552 0 0.00962419 2.9978 0.0141304 2.09133e-12 1.00212 2182 1
 1 7 7 0.38678 1.0074 0.00165351 0.970206 1.79082 0 0.0297936 2.55611 0.0139826 9.78036e-15 1.01544 2041 1
 1 7 8 0.438351 0.991847 6.78719e-05 0.939195 1.64577 0 0.0608048 2.33908 0.399874 2.60996e-14 1.0512 2116 2
 1 7 9 0.489921 0.981278 0.0015346 0.931072 1.53048 0 0.068827 2.16073 0.397948 0.000100583 1.02377 2075 3
 1 7 10 0.541492 0.976959 0.00145274 0.910163 1.43793 0 0.0852854 2.0935 0.0400053 0.00455197 0.941717 1871 3
 1 7 11 0.593063 0.974655 0.00151404 0.885472 1.36294 0 0.0956933 1.93216 0.0198938 0.0188346 0.967696 1748 3
 1 7 12 0.644633 0.97146 0.00162869 0.862743 1.30169 0 0.10182 1.89046 0.00982165 0.0354369 0.974191 1551 3
 1 7 13 0.696204 0.969473 0.00163267 0.86862 1.25127 0 0.106573 1.80812 0.0106193 0.0248072 0.955713 1383 3
 1 7 14 0.747774 0.969866 0.00184411 0.821158 1.20938 0 0.127911 1.7441 0.00752722 0.0509313 0.949867 1162 3
 1 7 15 0.799345 0.972814 0.0018987 0.812398 1.1738 0 0.121769 1.67679 0.0061797 0.065833 0.959473 1139 3

 1 8 3 0.176972 1.33244 0.00352264 1 2.99178 0 7.05323e-14 4.19006 0.298777 4.70215e-14 1.48399 1091 3
 1 8 4 0.227536 1.18146 0.00166133 1 2.56134 0 2.94334e-17 3.7096 0.298777 1.12847e-11 1.19754 2188 3
 1 8 5 0.2781 1.0963 0.00159308 1 2.24388 0 4.23002e-12 3.33533 0.298777 1.93239e-20 1.10676 2337 3
 1 8 6 0.328663 1.04558 0.00162518 0.999414 2.00246 0 0.000586422 3.03284 0.298777 1.54357e-08 1.02101 2168 3
 1 8 7 0.379227 1.01768 0.00164724 0.960969 1.81511 0 0.0390314 2.58239 0.207628 2.06443e-14 1.02767 2063 3
 1 8 8 0.42979 0.994689 9.35598e-05 0.951645 1.66756 0 0.0483555 2.37151 0.220623 9.28441e-14 1.02599 2181 2
 1 8 9 0.480354 0.988767 1.9739e-05 0.93653 1.54997 0 0.0634698 2.32524 0.201486 7.7211e-15 0.989868 2069 2
 1 8 10 0.530917 0.979873 0.00151063 0.919287 1.45533 0 0.0740223 2.03713 0.0153409 0.00669088 0.966256 1907 3
 1 8 11 0.581481 0.973881 0.0015821 0.907081 1.37847 0 0.0759278 1.90314 0.270999 0.016991 0.98485 1715 3
 1 8 12 0.632044 0.975544 0.0017225 0.8765 1.31554 0 0.095419 1.88113 0.0103127 0.0280807 1.02021 1580 3
 1 8 13 0.682608 0.974224 0.00173567 0.862179 1.26365 0 0.10635 1.82602 0.0125847 0.0314713 0.98731 1378 3
 1 8 14 0.733172 0.975583 0.00181893 0.838838 1.22065 0 0.117398 1.77096 0.00757221 0.0437636 0.966159 1230 3
 1 8 15 0.783735 0.977201 0.00220575 0.801261 1.18392 0 0.143103 1.69971 0.00814492 0.0556357 1.05187 1102 3

 1 9 3 0.175219 1.35038 0.0642045 1 3.00944 0 8.00626e-12 4.2093 0.298478 5.33751e-12 1.49051 1161 3
 1 9 4 0.225281 1.20066 0.00193428 1 2.57776 0 6.43589e-13 3.72842 0.298777 1.01859e-15 1.1975 2336 3
 1 9 5 0.275344 1.11063 0.00170852 1 2.25897 0 1.16642e-14 3.35365 0.298777 1.6602e-18 1.08057 2390 3
 1 9 6 0.325406 1.05367 0.00170339 1 2.01619 0 1.30247e-08 2.85062 0.258193 1.7184e-17 1.05946 2288 3
 1 9 7 0.375469 1.02273 0.00180899 0.96582 1.82752 0 0.0341802 2.59951 1.99997e-05 2.4358e-14 1.07178 2059 1
 1 9 8 0.425531 0.999374 0.00157053 0.951801 1.67872 0 0.0481989 2.53988 0.275583 2.45261e-15 1.07845 2432 3
 1 9 9 0.475594 0.988468 0.00155432 0.94588 1.55997 0 0.05412 2.20779 0.276885 1.86811e-16 1.04795 2276 1
 1 9 10 0.525656 0.980788 0.00163461 0.93029 1.46427 0 0.065701 2.05219 0.0140166 0.00400881 1.05047 1944 3
 1 9 11 0.575719 0.968174 0.00181855 0.900087 1.38646 0 0.081773 1.91748 0.015611 0.0181397 1.20738 2072 3
 1 9 12 0.625781 0.959444 0.00182836 0.897778 1.32269 0 0.0864637 1.91348 0.0147503 0.0157581 1.22707 2123 3
 1 9 13 0.675844 0.97024 0.0018188 0.868722 1.27004 0 0.0931681 1.84124 0.0101331 0.0381096 1.07722 1579 3
 1 9 14 0.725906 0.9799 0.00200091 0.809168 1.22647 0 0.141772 1.78837 0.00780042 0.04906 0.997353 1212 3
 1 9 15 0.775969 0.977656 0.0019674 0.817916 1.18915 0 0.133843 1.69331 0.00829425 0.0482402 0.9385 1047 3

 1 10 3 0.175219 1.34312 0.00325635 1 3.00944 0 8.34724e-13 4.2093 0.298777 5.56483e-13 1.4004 1138 3
 1 10 4 0.225281 1.20044 0.00195362 1 2.57776 0 1.5662e-13 3.72842 0.298777 3.11112e-13 1.22718 2448 3
 1 10 5 0.275344 1.11208 0.00173421 1 2.25897 0 1.1204e-13 3.35365 0.298777 1.87964e-17 1.12627 2578 3
 1 10 6 0.325406 1.05226 0.00171249 0.997688 2.01619 0 0.00231205 3.05059 0.0141304 4.12072e-14 1.05567 2383 1
 1 10 7 0.375469 1.02058 0.00165022 0.964553 1.82752 0 0.0354473 2.59951 0.399612 1.41714e-12 1.08606 2098 3
 1 10 8 0.425531 0.997456 5.4121e-05 0.945065 1.67872 0 0.0549349 2.48868 0.212215 2.05037e-14 1.05599 2512 2
 1 10 9 0.475594 0.987857 0.000472393 0.950812 1.55997 0 0.0491881 2.21486 0.203071 3.52459e-12 1.03453 2307 2
 1 10 10 0.525656 0.98096 0.00166338 0.916728 1.46427 0 0.080608 2.05219 0.0272921 0.00266393 1.08177 2082 3
 1 10 11 0.575719 0.96844 0.00185222 0.895741 1.38646 0 0.0894195 1.96802 0.0282485 0.0148399 1.22013 2132 3
 1 10 12 0.625781 0.96519 0.0018561 0.899347 1.32269 0 0.0744471 1.87759 0.0123146 0.0262063 1.25636 2141 3
 1 10 13 0.675844 0.967954 0.00179625 0.862283 1.27004 0 0.0914537 1.84987 0.00742425 0.0462629 1.07294 1642 3
 1 10 14 0.725906 0.980223 0.00201831 0.832943 1.22647 0 0.11817 1.78848 0.00831584 0.0488868 1.0074 1151 3
 1 10 15 0.775969 0.976652 0.00203618 0.827073 1.18915 0 0.12246 1.70603 0.0080874 0.0504673 0.983792 1071 3

 1 11 3 0.176972 1.32531 0.00383397 1 2.99178 0 2.66395e-12 4.19006 0.0141304 1.29494e-17 1.46837 1036 1
 1 11 4 0.227536 1.18958 0.00219815 1 2.56134 0 2.11974e-14 3.7096 0.0141304 1.03839e-12 1.24308 2180 1
 1 11 5 0.2781 1.09955 0.00152629 1 2.24388 0 3.18828e-12 3.33533 0.298777 8.37367e-19 1.11988 2458 3
 1 11 6 0.328663 1.0427 0.00166406 0.997634 2.00246 0 0.00236614 2.83286 0.208698 1.98551e-13 1.01744 2245 3
 1 11 7 0.379227 1.01544 0.00182176 0.964492 1.81511 0 0.0355078 2.58239 1.99997e-05 9.37433e-15 1.0952 2055 1
 1 11 8 0.42979 0.993948 4.72337e-05 0.942148 1.66756 0 0.0578521 2.40245 0.255143 7.13638e-14 1.03558 2167 2
 1 11 9 0.480354 0.9881 9.53586e-05 0.929324 1.54997 0 0.0706761 2.19176 0.252095 7.96492e-13 0.995469 2078 2
 1 11 10 0.530917 0.981091 0.00158018 0.91733 1.45533 0 0.0798202 2.03713 0.28397 0.00285027 1.0149 1920 3
 1 11 11 0.581481 0.976091 0.001583 0.889712 1.37847 0 0.0900309 1.94893 0.0185696 0.0202566 1.00076 1794 3
 1 11 12 0.632044 0.976328 0.00168184 0.852424 1.31554 0 0.119374 1.89342 0.0118765 0.0282018 0.994364 1643 3
 1 11 13 0.682608 0.972709 0.00173392 0.855582 1.26365 0 0.105004 1.82791 0.00832321 0.0394144 0.990551 1443 3
 1 11 14 0.733172 0.974881 0.00186788 0.822335 1.22065 0 0.124527 1.76424 0.00736376 0.0531379 0.983225 1257 3
 1 11 15 0.783735 0.979341 0.00199015 0.822257 1.18392 0 0.135865 1.70004 0.00933647 0.0418779 0.974366 1113 3

 1 12 3 0.180497 1.31503 0.00324021 1 2.95693 0 2.84058e-12 4.152 0.298777 1.44579e-13 1.33716 1099 3
 1 12 4 0.232068 1.17257 0.00179308 1 2.52898 0 1.18491e-14 3.67238 0.298777 4.72179e-13 1.18173 2218 3
 1 12 5 0.283639 1.08833 0.00171163 1 2.21421 0 7.16089e-14 3.29914 0.0141304 6.44379e-22 1.05598 2401 1
 1 12 6 0.335209 1.03588 0.00160725 0.995605 1.97552 0 0.00439466 2.79785 0.384217 2.7467e-12 1.01265 2328 3
 1 12 7 0.38678 1.00966 0.00160633 0.959544 1.79082 0 0.0404561 2.54861 0.399556 2.3817e-16 1.0242 2154 3
 1 12 8 0.438351 0.993701 0.000293801 0.952357 1.64577 0 0.0476428 2.33908 0.20027 2.18227e-11 1.02137 2268 2
 1 12 9 0.489921 0.983636 0.00147114 0.93552 1.53048 0 0.0632523 2.16073 0.0439141 0.00122745 0.98362 2146 3
 1 12 10 0.541492 0.976432 0.00146533 0.913136 1.43793 0 0.0787351 2.03741 0.0306586 0.008129 0.947991 1915 3
 1 12 11 0.593063 0.976809 0.00159114 0.882437 1.36294 0 0.0983602 1.9493 0.0190177 0.0192032 1.0108 1772 3
 1 12 12 0.644633 0.973307 0.00164501 0.858137 1.30169 0 0.112905 1.85979 0.0129563 0.0289585 1.01502 1659 3
 1 12 13 0.696204 0.970686 0.00164718 0.857821 1.25127 0 0.105977 1.82186 0.0090308 0.0362021 0.972751 1465 3
 1 12 14 0.747774 0.970399 0.00180727 0.846841 1.20938 0 0.123785 1.71926 0.0111667 0.0293741 0.959176 1205 3
 1 12 15 0.799345 0.9769 0.00197734 0.812434 1.1738 0 0.122742 1.68784 0.00658842 0.0648248 0.976681 1093 3

 1 13 3 0.185829 1.28944 0.00305356 1 2.90579 0 3.66941e-13 4.09591 0.298777 2.44627e-13 1.28102 1119 3
 1 13 4 0.238923 1.15436 0.00204987 1 2.48165 0 5.51369e-14 3.61762 0.0141304 3.04094e-21 1.17348 2150 1
 1 13 5 0.292016 1.0771 0.0016605 1 2.17097 0 1.80343e-12 3.24594 0.0141304 1.58943e-18 1.04994 2383 1
 1 13 6 0.34511 1.02555 0.00153448 0.983204 1.93639 0 0.0167956 2.74638 0.325019 2.53096e-14 1.02906 2295 3
 1 13 7 0.398204 1.00239 0.000133932 0.957575 1.75567 0 0.0424251 2.49912 0.370183 2.68748e-13 0.994058 2146 2
 1 13 8 0.451298 0.98759 0.00149781 0.936609 1.61434 0 0.0633909 2.29164 1.99997e-05 2.19395e-14 1.0203 2296 1
 1 13 9 0.504392 0.979 0.00146832 0.934218 1.50247 0 0.0632045 2.14608 0.0479054 0.00257781 1.00269 2151 3
 1 13 10 0.557486 0.975111 0.00148067 0.90168 1.41299 0 0.0883557 1.98235 0.025901 0.00996427 0.991189 1982 3
 1 13 11 0.61058 0.970283 0.0015106 0.884505 1.34076 0 0.0906846 1.92234 0.013396 0.0248108 0.986489 1798 3
 1 13 12 0.663674 0.971737 0.00152828 0.876642 1.28194 0 0.0919149 1.87187 0.0091806 0.0314429 0.942341 1566 3
 1 13 13 0.716768 0.9703 0.00159798 0.837351 1.23402 0 0.120657 1.78664 0.00795795 0.0419921 0.944638 1494 3
 1 13 14 0.769861 0.968468 0.00177866 0.821754 1.19337 0 0.132414 1.70368 0.00872408 0.0458319 0.96207 1273 3
 1 13 15 0.822955 0.97192 0.00188039 0.8195 1.15946 0 0.126333 1.65575 0.00712066 0.0541669 0.949231 1107 3

 1 14 3 0.19302 1.26446 0.00287788 1 2.83964 0 2.50853e-13 4.02294 0.298777 1.67235e-13 1.26332 1088 3
 1 14 4 0.248168 1.13976 0.00196586 1 2.42072 0 3.81833e-14 3.54647 0.0141304 7.89421e-19 1.09205 2120 1
 1 14 5 0.303317 1.06647 0.00160707 0.998818 2.11558 0 0.00118231 3.17696 0.0141304 2.92098e-12 1.02981 2460 1
 1 14 6 0.358465 1.01919 0.00141391 0.977149 1.88653 0 0.0228513 2.67984 0.382429 9.98505e-13 1.02608 2396 3
 1 14 7 0.413614 0.995807 7.93544e-05 0.95385 1.7111 0 0.0461503 2.43524 0.21027 8.49221e-14 1.01541 2292 2
 1 14 8 0.468762 0.985938 6.92495e-05 0.936704 1.57468 0 0.0632959 2.23091 0.207068 1.62024e-13 1.02865 2238 2
 1 14 9 0.523911 0.977627 0.00138184 0.92062 1.46728 0 0.073083 2.07931 0.0267344 0.00629739 0.981737 2285 3
 1 14 10 0.579059 0.971344 0.00141601 0.90296 1.3818 0 0.0800118 1.97653 0.0163734 0.0170284 0.962997 1990 3
 1 14 11 0.634208 0.97053 0.00146102 0.889521 1.31312 0 0.0942635 1.91522 0.0167997 0.0162158 0.975555 1833 3
 1 14 12 0.689356 0.968057 0.00152942 0.858575 1.25743 0 0.103174 1.82701 0.00765738 0.0382512 0.962518 1634 3
 1 14 13 0.744505 0.967339 0.00158791 0.849915 1.21185 0 0.110841 1.74563 0.0079005 0.0392436 0.959125 1481 3
 1 14 14 0.799653 0.970026 0.00172512 0.846107 1.1736 0 0.12373 1.69314 0.00895814 0.030163 0.953781 1257 3
 1 14 15 0.854802 0.970088 0.00197613 0.796804 1.1418 0 0.148888 1.60644 0.00870911 0.0543085 0.941061 1075 3
 1 14 16 0.90995 0.97093 0.00201807 0.771587 1.11521 0 0.166976 1.55303 0.00641682 0.0614376 0.898162 1059 3

 1 15 3 0.202143 1.24321 0.00278388 1 2.7601 0 1.81569e-13 3.9345 0.298777 2.96659e-13 1.24622 1073 3
 1 15 4 0.259898 1.12205 0.00175961 1 2.3479 0 2.22432e-12 3.46042 0.298777 6.9442e-17 1.14475 2047 3
 1 15 5 0.317653 1.05112 0.00169809 0.991666 2.04981 0 0.00833434 3.09374 0.0199501 2.45331e-15 1.02411 2323 1
 1 15 6 0.375408 1.00836 0.00815741 0.973225 1.82772 0 0.0267754 2.5998 0.202871 5.45693e-12 0.998706 2407 3
 1 15 7 0.433163 0.98703 0.000379608 0.959991 1.65887 0 0.0400095 2.35867 0.212016 1.17656e-11 0.992883 2203 2
 1 15 8 0.490918 0.977245 0.00147123 0.943959 1.5285 0 0.05502 2.15755 0.044393 0.0010207 1.00008 2238 3
 1 15 9 0.548673 0.974365 0.00142967 0.916066 1.42653 0 0.0746136 2.02587 0.0249606 0.00932018 0.987432 2155 3
 1 15 10 0.606428 0.971715 0.00147789 0.892079 1.34588 0 0.0819849 1.94958 0.0106422 0.0259359 0.994397 1934 3
 1 15 11 0.664183 0.97163 0.00152789 0.876532 1.28143 0 0.0851813 1.88371 0.00808867 0.0382862 1.00987 1807 3
 1 15 12 0.721938 0.967682 0.00153712 0.854583 1.22972 0 0.113844 1.78049 0.00930968 0.0315733 0.9635 1684 3
 1 15 13 0.779693 0.97256 0.00179459 0.851851 1.18663 0 0.109451 1.69338 0.00909351 0.0386984 1.04385 1428 3
 1 15 14 0.837449 0.972972 0.00180088 0.813737 1.15119 0 0.129243 1.6309 0.00691571 0.0570204 0.991628 1405 3
 1 15 15 0.895204 0.966457 0.00189012 0.797253 1.12186 0 0.130606 1.56548 0.00568682 0.0721415 0.915726 1133 3
 1 15 16 0.952959 0.972873 0.00225312 0.803567 1.09746 0 0.121748 1.5212 0.00610199 0.0746858 0.949389 1048 3

 1 16 4 0.274228 1.10127 0.00183241 1 2.26515 0 1.02151e-12 3.36113 0.0141304 3.6541e-21 1.06086 2140 1
 1 16 5 0.335168 1.03937 0.00153782 0.984175 1.97568 0 0.0158247 2.79802 0.202537 1.30284e-10 1.00111 2434 3
 1 16 6 0.396108 1.0047 0.00155904 0.970198 1.76198 0 0.0298019 2.50807 0.205688 2.45009e-14 1.00113 2374 1
 1 16 7 0.457047 0.989082 0.00159178 0.962172 1.60095 0 0.0376853 2.27117 0.29612 0.000142797 1.02429 2200 3
 1 16 8 0.517987 0.980533 0.00141791 0.947323 1.47766 0 0.0492218 2.13292 0.0317954 0.00345525 0.989637 2285 3
 1 16 9 0.578927 0.974376 0.00143857 0.911769 1.38199 0 0.0724881 2.00529 0.0158849 0.0157432 1.0062 2255 3
 1 16 10 0.639866 0.970799 0.00148428 0.885554 1.30686 0 0.0886746 1.91862 0.0108498 0.0257711 0.993534 1977 3
 1 16 11 0.700806 0.97035 0.00146421 0.880893 1.24722 0 0.0872728 1.81974 0.00926367 0.031834 0.980177 1873 3
 1 16 12 0.761746 0.970854 0.00159782 0.864104 1.19911 0 0.104421 1.71244 0.00980911 0.0314749 0.98391 1586 3
 1 16 13 0.822685 0.972153 0.00166716 0.837887 1.15961 0 0.118259 1.66793 0.00801634 0.0438534 0.956186 1443 3
 1 16 14 0.883625 0.971022 0.0018856 0.80878 1.12732 0 0.137161 1.58224 0.00744944 0.054059 0.96857 1265 3
 1 16 15 0.944565 0.975052 0.00200833 0.800174 1.10074 0 0.147824 1.50272 0.00859794 0.0520022 0.930274 1152 3
 1 16 16 1.0055 0.97211 0.00251876 0.765174 1.07876 0 0.161163 1.45343 0.00683165 0.0736634 0.929479 1028 3

 1 17 4 0.291304 1.08074 0.00187058 1 2.17457 0 4.16103e-14 3.25039 0.0141304 3.00007e-20 1.07323 2030 1
 1 17 5 0.356038 1.02627 0.00121495 0.985376 1.89536 0 0.0146242 2.6917 0.328812 2.78371e-12 0.994764 2420 3
 1 17 6 0.420772 1.00064 9.04712e-05 0.962297 1.69144 0 0.0377026 2.40664 0.279784 8.00773e-14 0.972674 2368 2
 1 17 7 0.485506 0.98256 0.0014633 0.958196 1.53938 0 0.0416288 2.17494 0.325287 0.000175201 0.987453 2314 3
 1 17 8 0.55024 0.97818 0.00137912 0.923768 1.42409 0 0.0680543 2.04994 0.0200714 0.00817724 0.968985 2303 3
 1 17 9 0.614975 0.973259 0.00139905 0.903276 1.33542 0 0.0803272 1.9532 0.0148521 0.0163972 0.997486 2256 3
 1 17 10 0.679709 0.974469 0.00146154 0.890368 1.26637 0 0.0865124 1.86887 0.0106642 0.0231199 0.999157 1897 3
 1 17 11 0.744443 0.971279 0.0013721 0.86466 1.2119 0 0.0990831 1.75603 0.00754905 0.0362569 0.923985 1826 3
 1 17 12 0.809177 0.973429 0.00148855 0.859969 1.16769 0 0.0929885 1.66668 0.00739958 0.0470429 0.968308 1706 3
 1 17 13 0.873911 0.970384 0.00156838 0.849275 1.13205 0 0.104114 1.58255 0.00709465 0.0466115 0.913935 1461 3
 1 17 14 0.938645 0.973473 0.00194502 0.799205 1.1031 0 0.145042 1.53826 0.00689775 0.0557535 0.930958 1332 3
 1 17 15 1.00338 0.973976 0.00233517 0.780566 1.07946 0 0.161368 1.46601 0.00632405 0.0580667 0.915239 1123 3
 1 17 16 1.06811 0.97936 0.00272516 0.799117 1.06006 0 0.12329 1.40839 0.00624089 0.0775925 0.92714 1040 3

 1 18 4 0.311294 1.06037 0.00169141 0.993751 2.07839 0 0.0062486 3.12933 0.202163 1.16185e-15 1.01768 2051 3
 1 18 5 0.380471 1.01555 0.00152212 0.98002 1.81105 0 0.0199799 2.57676 1.99997e-05 1.01311e-14 1.02341 2311 1
 1 18 6 0.449648 0.992952 0.00144433 0.971398 1.61825 0 0.0286019 2.29758 1.99997e-05 2.54643e-19 1.00416 2458 1
 1 18 7 0.518824 0.981441 0.00135429 0.946346 1.47618 0 0.0485389 2.10351 0.0266097 0.00511515 0.972588 2356 3
 1 18 8 0.588001 0.977784 0.00132587 0.934865 1.36964 0 0.0541327 2.00587 0.0167562 0.0110027 1.01301 2437 3
 1 18 9 0.657177 0.974831 0.0012894 0.912846 1.28852 0 0.0721927 1.90722 0.0132812 0.0149618 0.986518 2267 3
 1 18 10 0.726354 0.974843 0.0014065 0.879295 1.22611 0 0.0924037 1.78839 0.0107997 0.0283009 0.993559 1959 3
 1 18 11 0.79553 0.974561 0.0014041 0.860992 1.17622 0 0.10417 1.68382 0.0080274 0.0348379 0.988555 1905 3
 1 18 12 0.864707 0.976187 0.00161377 0.838259 1.13667 0 0.120948 1.61838 0.00770867 0.0407934 1.01383 1627 3
 1 18 13 0.933883 0.976025 0.00181701 0.84477 1.10504 0 0.112383 1.53508 0.00766051 0.0428474 0.979434 1471 3
 1 18 14 1.00306 0.971839 0.00232044 0.764036 1.07957 0 0.167989 1.46658 0.00574529 0.0679746 0.9308 1272 3
 1 18 15 1.07224 0.975072 0.00322895 0.717715 1.05895 0 0.214072 1.39039 0.00727558 0.0682128 0.957167 1074 3

 1 19 4 0.334401 1.04354 0.00171413 0.992134 1.9788 0 0.00786608 3.00208 0.0199501 5.79947e-18 1.04126 2072 1
 1 19 5 0.408712 1.00376 0.00013924 0.982405 1.72494 0 0.0175954 2.45521 0.382968 6.98235e-13 1.02236 2342 2
 1 19 6 0.483023 0.988395 0.00147926 0.963998 1.54445 0 0.0358112 2.18302 0.399979 0.000190981 1.00388 2451 3
 1 19 7 0.557335 0.978824 0.00138243 0.94597 1.41322 0 0.0446469 2.05697 0.0166565 0.00938296 0.983329 2479 3
 1 19 8 0.631646 0.976003 0.0012694 0.915331 1.31599 0 0.0752777 1.95427 0.0151871 0.0093915 0.977203 2434 3
 1 19 9 0.705957 0.975477 0.0012238 0.915554 1.24276 0 0.0715896 1.84705 0.01348 0.0128566 0.965473 2286 3
 1 19 10 0.780268 0.978758 0.00129258 0.894336 1.18624 0 0.0840862 1.71456 0.0109238 0.0215778 0.963091 1952 3
 1 19 11 0.85458 0.975451 0.00133339 0.858208 1.14191 0 0.112106 1.61978 0.00955266 0.0296866 0.941763 1807 3
 1 19 12 0.928891 0.979511 0.00158074 0.850583 1.1071 0 0.113916 1.54649 0.00838304 0.0355011 0.984919 1693 3
 1 19 13 1.0032 0.976595 0.00182552 0.791659 1.07952 0 0.156439 1.47301 0.00630749 0.0519015 0.902716 1428 3
 1 19 14 1.07751 0.970312 0.00218719 0.748438 1.05755 0 0.199844 1.38458 0.00657164 0.0517182 0.905923 1316 3
 1 19 15 1.15182 0.969993 0.00375584 0.624913 1.03996 0 0.305538 1.35409 0.00571207 0.0695487 0.834487 1051 3


